10 50 100 10 1000
40 7 1 17 15 14 8 6 34 5 
47 36 3 2 10 21 22 42 46 25 
16 38 35 48 31 27 18 28 32 19 
0 48 523
0 43 374
0 46 671
0 5 794
0 4 99
1 37 169
2 17 59
3 49 1
3 48 638
3 14 1
3 43 279
3 25 1
3 5 255
4 38 35
4 48 151
4 21 135
4 28 527
4 6 155
4 7 844
5 35 39
5 14 650
5 46 114
5 11 1
5 39 34
6 32 659
6 41 53
6 15 28
6 35 99
7 23 678
7 28 1
7 16 704
8 32 120
8 42 107
8 34 378
8 27 21
8 22 683
9 40 46
9 12 2
9 44 162
10 23 44
10 29 97
10 35 76
10 15 23
12 26 43
13 27 801
13 18 909
13 42 367
13 45 47
14 42 462
14 37 50
15 47 176
15 19 77
15 25 79
15 37 210
15 16 45
15 23 19
16 47 199
16 32 442
16 24 795
16 31 742
16 40 19
17 24 69
17 42 114
18 29 91
19 40 130
19 45 45
19 29 56
19 42 77
20 43 598
20 25 4
20 38 116
20 47 34
20 33 816
21 48 14
22 38 1
22 27 74
23 36 1
23 28 728
23 37 168
25 41 7
25 37 99
27 44 2
27 45 176
29 34 85
29 33 30
30 36 22
32 33 92
33 49 774
33 41 66
34 43 423
34 45 96
35 42 370
35 47 7
36 45 42
37 47 159
38 40 53
40 44 172
41 49 8
43 44 272
46 48 328
