50 300 1200 60 10000
57 12 140 125 114 71 52 279 44 216 16 15 47 111 119 258 13 287 101 214 112 229 142 3 81 174 79 110 172 194 49 183 176 135 22 235 274 63 193 40 282 150 185 295 98 35 23 116 148 51 
124 90 147 202 257 120 55 121 115 69 211 87 221 215 205 25 195 296 58 169 228 80 292 151 299 88 203 218 178 73 217 104 260 240 242 19 75 254 9 250 100 130 286 21 70 181 225 253 249 207 
191 157 248 177 54 103 53 96 284 220 208 290 230 165 280 158 144 86 289 197 190 34 18 41 60 244 61 164 233 27 154 153 262 180 204 97 213 2 42 283 105 137 267 118 167 264 175 0 281 192 67 196 39 122 227 77 266 149 62 209 
0 271 2148
0 266 7929
0 155 184
0 277 2
0 48 6
0 169 7733
0 24 536
1 136 89
1 141 6325
1 114 4323
1 297 6560
1 113 688
2 54 4716
2 70 8972
2 157 579
2 199 3500
2 19 1520
2 255 1491
2 130 503
3 104 44
3 127 55
3 24 709
3 202 384
3 261 9982
3 256 6862
4 37 996
4 270 2978
4 152 1832
4 111 1293
4 248 664
4 175 5455
4 84 521
4 188 317
4 171 432
4 242 7573
4 88 370
4 105 437
4 23 6184
4 58 2993
5 133 2793
5 83 1223
5 283 6693
6 174 6132
6 210 521
6 184 8145
6 22 222
6 267 4776
6 160 3497
6 216 1428
7 47 7949
7 273 2
7 233 3770
7 108 8230
7 191 7097
8 274 2523
8 129 4
8 188 12
8 123 10
8 161 8888
8 235 735
9 250 131
9 240 4202
9 223 6
9 40 697
9 278 9685
9 254 170
10 283 48
10 299 6288
10 102 2398
10 294 9987
10 25 4870
10 262 6463
10 24 3281
11 151 9352
11 157 666
11 58 6123
11 38 9915
12 23 225
12 241 2378
12 119 1588
12 195 449
12 264 5556
12 78 110
13 288 183
13 67 624
13 285 2258
13 242 429
13 52 307
13 236 8384
13 154 368
13 49 407
13 254 9924
14 23 3
14 136 493
14 183 3481
14 88 693
15 20 8563
15 31 9957
15 46 4153
15 81 369
15 254 7025
15 171 5257
15 89 8630
15 247 427
15 63 238
15 242 48
15 259 5366
16 143 3289
16 124 1877
16 47 142
16 91 8011
16 230 743
16 290 101
16 183 5394
17 296 17
17 224 55
17 228 2136
17 125 2711
17 150 68
17 257 1863
18 281 98
18 150 625
18 203 4892
18 283 5180
18 108 1678
19 195 6329
19 135 188
19 29 82
19 269 2900
19 70 688
19 89 701
19 192 6734
20 186 7263
20 41 7035
20 158 4904
20 88 191
20 37 580
20 110 5841
20 82 1646
20 89 6190
20 79 104
20 124 3179
21 289 183
21 230 7512
21 161 8131
21 225 1630
21 64 976
22 141 594
22 130 3560
22 266 413
22 198 9441
22 288 9516
23 112 359
23 41 8534
23 24 614
23 205 216
23 54 7214
23 232 420
24 125 4061
24 55 2791
24 283 8182
24 147 7952
25 254 5776
25 41 438
25 86 7892
26 47 2551
26 179 4
26 216 9081
26 171 8
26 246 6678
26 97 453
26 84 93
26 91 266
26 154 1180
27 50 530
27 283 891
27 77 316
27 212 139
27 177 53
27 230 6483
27 285 873
27 290 6171
28 63 1390
28 228 263
28 71 1279
28 243 2581
28 158 2955
28 112 1907
28 46 47
28 191 1368
29 296 3982
29 38 3023
29 122 854
29 143 5287
29 127 2
29 123 5224
29 160 74
30 36 819
30 205 1
30 268 716
30 191 2358
30 105 1852
30 210 9776
30 165 344
31 160 341
31 183 36
31 77 657
31 241 3515
31 120 2977
31 222 2907
31 245 146
31 288 485
31 74 3293
32 113 2565
32 243 131
32 234 819
32 277 9824
32 295 760
32 183 5037
32 246 76
32 299 719
32 118 54
33 75 389
33 281 1593
33 44 999
33 200 191
33 81 256
34 118 3536
34 163 656
34 179 11
34 44 157
34 258 294
35 272 4491
35 125 24
35 189 1295
35 105 5714
35 72 4068
35 241 167
35 209 3047
35 73 1493
36 169 1359
36 181 550
36 270 7019
36 297 1053
36 222 4166
36 285 1900
37 51 1554
37 233 396
37 80 119
37 231 508
37 294 100
37 230 1010
37 197 1282
37 241 4
37 186 887
37 53 788
37 44 630
37 148 3030
38 226 5275
38 57 8440
38 101 2075
38 80 202
38 72 4289
38 90 8608
38 174 2216
38 201 2073
38 103 593
38 82 1637
38 261 3788
38 84 4242
38 95 8915
38 39 7099
39 79 621
39 288 686
39 184 60
39 295 1221
39 169 965
39 264 946
40 43 3920
40 268 96
40 217 990
40 177 7889
40 191 8827
40 256 4142
40 235 328
41 95 4
41 214 2840
41 70 146
41 135 30
41 203 6179
41 197 1
41 269 495
41 153 2793
41 242 6007
41 249 973
41 89 5965
42 87 1248
42 137 506
42 128 816
42 274 1554
43 86 440
43 123 3733
43 155 9818
43 290 6892
43 175 1284
43 158 1746
43 194 4603
43 286 7417
43 274 61
43 68 56
43 297 17
43 298 2013
43 49 2982
43 156 549
44 142 6852
44 163 2978
44 205 2997
44 224 6478
44 218 438
44 154 858
45 293 545
45 85 5547
45 96 834
45 171 49
45 250 188
45 56 5826
45 255 14
46 259 336
46 250 7263
46 61 470
46 135 2644
46 132 149
46 261 252
47 171 5481
47 208 707
47 221 545
47 269 2696
47 273 1269
47 206 1370
47 234 2558
47 140 2804
47 169 887
47 173 2096
47 137 117
48 270 7765
48 263 562
48 127 646
48 221 2897
49 243 485
49 58 4377
49 85 9172
50 281 998
50 106 2447
50 222 4396
50 185 9438
50 220 4988
50 171 4956
50 116 949
50 128 337
51 169 6680
51 225 1454
51 227 89
51 241 3160
51 202 104
51 245 4906
51 298 7912
51 288 4851
51 131 2675
51 145 2377
52 124 3388
52 251 6646
52 283 3600
52 67 185
52 217 3986
52 160 89
52 287 6468
52 266 2543
53 68 791
53 82 481
53 123 4592
53 151 924
53 157 966
53 261 3713
53 81 348
53 198 2842
54 250 131
54 247 327
54 287 217
54 171 978
54 220 66
54 209 38
55 127 287
55 190 3073
55 231 1279
55 220 69
55 70 2333
55 84 8041
55 79 202
56 89 2888
56 97 98
56 72 6065
57 98 534
57 96 435
57 293 600
57 212 321
57 85 527
57 210 4
58 288 8513
58 85 4705
58 244 5556
58 236 8494
58 173 1027
58 282 3745
58 262 12
58 261 1493
58 127 34
58 186 8097
58 178 209
58 205 208
58 197 524
59 261 332
59 165 9131
59 71 1
59 252 787
59 105 3684
59 72 117
59 93 19
59 232 2295
59 293 258
60 285 4467
60 134 4654
60 65 9270
60 159 2605
60 178 288
60 245 7646
60 121 544
60 137 4590
60 240 402
60 144 11
60 273 518
61 231 4
61 154 5047
61 89 18
61 75 8553
61 201 679
61 263 183
62 233 215
62 248 396
62 232 44
62 102 4969
62 71 689
63 153 1304
63 264 582
63 196 184
63 230 347
63 72 328
64 122 1062
64 257 8996
64 124 4874
64 215 1456
64 67 506
65 243 8488
65 98 884
65 273 155
65 168 3009
65 270 3856
65 90 3871
65 132 3813
66 74 1576
66 284 915
66 200 2106
66 282 2291
66 221 1271
66 121 724
66 113 160
66 103 31
66 247 7796
67 192 32
67 103 6864
67 216 1090
67 198 6378
67 108 3955
67 91 1279
68 170 298
68 258 1025
68 112 1093
68 276 2791
68 195 2640
68 175 9884
68 148 1003
69 260 6450
69 198 449
69 215 794
69 153 897
69 268 6799
70 128 2479
70 130 14
70 293 1484
70 77 9772
70 214 5731
70 211 2187
71 216 214
71 240 1
71 94 1088
71 155 433
71 126 7
71 252 5550
71 275 538
71 228 320
72 143 848
72 262 48
73 298 406
73 289 2840
73 174 516
73 101 2186
73 237 7654
73 203 8014
73 205 791
73 234 512
74 148 912
74 113 306
74 252 188
74 289 3985
75 282 1
75 124 2823
75 120 65
75 223 829
75 194 5547
75 167 61
75 132 528
76 279 136
76 136 5648
76 170 440
76 263 867
76 84 270
76 123 277
76 196 922
76 252 8558
76 197 5906
76 187 794
77 253 8981
77 161 219
77 211 3292
77 256 1
77 210 2338
78 109 166
78 235 538
78 255 8112
78 242 691
78 88 4393
78 230 8541
78 151 52
78 199 11
78 142 6
78 289 1821
79 283 365
79 208 7934
79 209 610
79 212 2809
79 246 11
79 80 4294
79 104 1543
80 153 3606
80 225 215
80 208 2783
80 223 4964
80 222 109
81 228 4112
81 122 1
81 186 80
81 167 8141
81 154 6685
81 119 431
82 134 4072
82 102 5144
82 146 3191
83 121 9303
83 159 1
83 163 380
83 153 1793
83 292 4742
84 135 1469
84 207 5937
84 157 2106
84 139 680
84 224 132
84 155 873
84 206 50
84 122 4341
84 225 264
85 121 231
85 218 3281
85 181 2708
85 250 1
85 132 562
85 188 598
85 211 1198
85 108 5284
85 156 2
86 297 433
86 180 298
86 194 90
86 147 4759
86 165 9383
86 295 4467
86 258 505
87 92 371
87 166 5145
87 245 1440
87 285 9
87 168 191
88 152 7753
88 275 1708
88 90 101
88 229 8548
89 291 300
89 102 290
89 237 9435
89 185 1316
89 98 2280
89 285 2453
89 193 474
90 211 542
90 112 5199
90 228 8861
90 296 664
91 133 1957
91 220 9
92 142 9908
92 109 586
92 279 10
93 236 143
93 249 636
93 245 5343
93 282 4525
93 286 8490
94 98 234
94 275 1061
94 277 9712
94 198 145
95 148 6739
95 131 113
95 221 543
95 187 209
95 140 780
95 228 193
96 122 1869
96 292 226
96 200 2
96 288 5857
97 196 7834
97 146 609
97 160 4444
97 209 3388
97 271 1
97 173 171
98 161 287
98 115 9999
98 164 1357
99 196 1208
99 151 32
99 178 918
99 188 3120
99 256 463
99 100 31
99 129 450
99 162 1146
100 275 4
100 128 2561
100 253 18
100 252 3929
101 135 296
101 230 2076
101 227 5300
101 184 678
101 102 4708
102 159 451
102 113 5445
102 245 930
102 279 589
102 214 2654
102 136 4221
103 258 1878
103 222 9918
103 267 167
103 226 5717
104 175 3249
104 136 1656
104 169 2704
104 203 7663
104 151 4279
105 266 1126
105 142 4258
105 137 2766
105 275 5692
105 265 7479
106 283 2016
106 265 1764
106 231 70
106 246 1
107 127 2966
107 224 5075
108 216 8015
108 232 579
108 117 7320
108 253 686
108 176 417
109 226 1335
109 228 9891
109 113 2713
109 217 5835
110 220 52
110 192 116
110 298 2
110 134 3
111 227 55
111 126 3149
111 296 179
111 286 1101
111 203 9074
111 226 10
111 283 389
112 279 1163
112 180 2580
112 149 50
112 163 657
113 150 59
113 173 28
113 266 75
113 294 152
113 289 246
113 175 3232
113 178 6893
113 223 129
114 116 37
114 214 173
114 182 2947
114 173 1398
114 259 1668
114 232 588
114 264 667
115 267 825
115 203 9049
115 219 6036
115 177 8505
115 119 170
115 153 6306
115 265 3144
115 295 5
115 134 5865
115 127 3335
116 147 4164
116 283 149
116 132 203
117 146 2237
117 256 1744
117 126 24
117 196 649
118 207 2497
119 210 554
119 168 4643
119 229 1522
119 148 5429
119 219 2816
120 206 792
120 158 39
120 139 797
121 165 70
121 227 2276
121 154 56
121 252 306
121 164 20
121 152 154
121 169 225
122 157 770
122 160 17
122 140 509
122 124 819
122 253 58
123 195 1232
123 294 3709
123 164 77
123 228 7399
124 237 1850
124 233 1675
124 223 2042
124 292 1415
124 264 25
124 155 350
125 291 1244
125 279 869
126 296 2101
126 151 3626
126 152 6694
126 201 1172
127 136 491
127 214 8921
127 269 2509
127 246 457
128 165 52
129 215 5819
130 235 2965
130 273 2419
131 238 4510
131 245 685
131 172 4448
132 214 542
133 153 5515
133 152 267
134 299 407
134 250 1469
134 140 1937
135 199 7953
135 259 121
135 258 1165
135 173 2421
135 274 135
135 295 2760
135 247 60
135 276 2882
135 196 2807
135 284 341
136 265 5142
136 230 9
136 168 522
136 181 5023
136 273 5439
137 165 6178
137 295 571
137 190 668
138 275 4648
138 156 14
138 287 3374
138 163 5635
138 266 2415
139 223 1145
139 230 7419
139 169 135
139 268 507
140 202 748
140 155 2068
140 282 91
140 286 328
140 156 141
140 203 8947
141 266 1137
141 284 898
141 212 620
141 166 1403
142 248 17
142 168 6457
142 179 2639
142 194 4252
142 188 238
143 174 6822
143 281 5621
143 278 1789
143 272 2126
144 268 9426
144 232 54
144 159 305
144 152 3205
145 293 1034
145 197 725
145 265 6053
145 283 4726
146 232 916
146 251 18
146 274 661
146 273 6756
147 291 219
147 205 5384
147 224 6834
147 238 3111
147 152 3502
147 164 3
147 250 98
148 213 1
148 279 2644
148 196 6453
148 149 1878
148 233 3855
148 176 7817
149 240 83
149 260 3510
149 219 124
149 163 3968
149 280 1422
150 231 5212
151 294 9782
151 167 4176
151 246 4160
151 290 3067
151 188 2321
151 233 2
152 180 4277
152 219 385
152 207 474
152 285 946
152 237 3055
152 271 758
152 191 8775
153 234 565
153 283 8089
153 217 3289
153 172 1305
153 288 1070
153 215 1135
153 243 815
153 262 5992
154 278 2288
154 233 147
154 237 2736
154 247 651
155 206 8376
155 170 8765
155 159 241
155 260 1778
156 228 2188
156 168 3334
156 249 1678
157 254 893
157 238 470
157 183 262
157 203 1044
157 215 4894
158 173 32
158 179 9061
158 240 7387
159 294 3107
159 180 257
159 189 3757
159 176 147
160 223 2227
160 169 2919
160 218 64
160 294 163
160 203 2740
160 189 316
160 198 2284
160 208 128
160 184 13
160 280 3607
160 282 553
161 219 98
162 250 1104
162 249 938
162 269 33
163 294 1925
163 213 89
163 240 7643
163 206 3154
164 296 1005
164 282 4664
164 257 32
164 226 173
164 258 6847
164 195 7684
165 289 6455
166 197 171
166 192 617
167 209 87
167 287 7667
167 203 74
167 201 73
168 287 3007
168 225 665
169 180 3472
169 222 1811
169 276 547
169 204 9006
169 190 86
169 184 903
169 182 429
169 245 128
170 210 5163
170 282 4439
170 242 1400
171 228 43
172 199 2992
172 194 724
172 288 746
172 280 1930
172 268 471
173 232 532
173 209 3129
173 197 9232
173 285 8277
174 225 2
174 233 2
175 209 9620
176 271 556
176 264 687
176 204 137
176 202 8699
176 195 4852
176 248 7602
176 274 6765
176 249 4980
177 267 1383
178 240 103
178 230 8055
178 235 217
179 235 632
179 228 756
179 219 19
179 193 1627
180 259 213
180 222 960
180 290 1790
180 287 1108
181 220 218
181 286 6911
181 210 6667
181 198 8179
182 202 1353
183 191 59
183 245 1614
183 243 1305
183 250 4220
183 257 619
183 247 579
184 268 276
184 261 738
184 198 1036
185 265 2413
185 235 713
185 187 321
186 207 1350
186 242 3669
187 271 1263
187 285 155
187 206 160
187 277 5566
188 297 1059
188 278 7331
188 284 77
188 254 7896
188 239 5190
188 279 4026
189 230 525
190 227 4443
190 292 453
190 234 9255
191 224 7280
191 201 5022
191 232 301
191 287 2712
191 263 5174
192 203 8344
192 221 343
192 212 401
192 193 426
193 233 8117
193 229 466
193 216 981
193 206 5455
194 294 1085
194 273 8686
194 278 7187
194 238 1519
195 197 9656
195 271 255
195 257 1467
195 218 46
195 202 5556
196 294 236
197 244 5118
198 265 7624
198 214 2121
198 213 8756
199 215 7408
199 290 3103
199 287 615
200 293 6157
200 279 402
201 275 1641
202 221 1221
203 263 9677
203 259 507
203 258 2565
203 266 1996
204 274 1
204 225 7160
205 251 396
205 218 3229
205 256 1
205 224 47
206 263 5613
206 219 227
207 218 1368
207 221 151
207 296 4551
208 242 9
208 250 8280
208 248 4380
209 251 705
210 289 3169
210 256 4654
210 255 6879
211 287 9064
211 266 3442
211 277 9146
212 247 9418
212 216 3456
213 292 446
213 298 807
213 227 299
214 275 4176
214 276 2026
214 278 937
214 251 8880
214 267 9003
215 291 466
216 260 131
217 278 1505
218 282 1764
218 284 1217
218 286 8804
220 254 144
223 238 5630
223 251 9100
224 268 1428
224 291 144
225 292 79
225 233 917
226 258 822
226 255 4389
226 248 46
227 251 6
228 275 1136
228 249 806
229 296 3160
230 243 61
230 251 305
231 284 4186
233 288 213
234 258 9033
235 272 125
235 289 486
236 281 2679
237 265 62
237 252 4294
238 277 42
238 254 962
240 265 2765
240 253 1
240 258 6181
241 275 5158
241 271 341
242 278 567
242 292 75
242 282 26
243 251 1
243 244 2753
243 290 854
243 293 6853
243 271 9899
244 269 915
245 269 167
245 298 256
247 249 283
247 299 7898
248 289 4898
249 284 88
249 277 4
249 269 2969
250 284 4358
250 296 6477
250 251 536
251 294 4781
251 281 130
252 277 240
253 289 1661
255 263 1017
256 276 1204
257 271 923
258 287 2785
259 276 5824
259 283 762
260 272 1175
261 265 1737
264 292 3110
267 289 67
268 278 1204
268 295 3791
270 280 602
271 286 2111
271 285 58
273 275 4
276 278 1052
280 299 3611
281 285 8
281 293 614
284 285 1345
287 291 306
292 295 1056
292 298 5433
295 296 2
296 299 3732
