25 100 391 20 5000
49 97 53 5 33 65 62 51 38 61 45 74 27 64 17 36 85 12 79 32 68 77 18 39 82 
10 56 83 95 14 59 75 54 31 84 76 43 3 70 80 46 96 0 6 60 72 30 93 69 98 
81 1 78 55 35 24 34 8 21 67 23 89 16 63 48 9 99 88 91 7 
0 10 1050
0 40 257
0 86 737
0 27 295
0 5 138
0 79 4995
0 17 91
0 84 2041
0 64 377
0 18 4189
1 16 230
1 17 55
1 28 463
1 38 2185
1 50 2546
1 9 262
1 43 3936
1 54 2298
1 97 2053
2 93 2042
2 35 21
2 84 3468
2 4 1070
2 45 592
2 6 2237
2 46 4335
3 9 17
3 89 3681
3 57 86
3 16 3370
3 67 1059
3 7 1
3 80 298
3 39 4035
3 41 3262
4 10 3622
4 14 1109
4 51 3311
4 63 350
4 5 11
4 24 2392
4 26 279
4 60 4357
4 87 3735
4 94 2081
4 71 3373
4 89 4774
5 28 2727
5 59 1061
5 90 2
5 72 3031
5 27 1211
5 66 8
5 9 3668
5 62 1
5 16 1086
5 50 4408
5 32 2788
5 56 1031
5 10 4637
5 40 208
6 53 499
6 39 136
6 58 302
6 79 63
6 20 41
6 52 4690
6 74 4628
7 86 90
7 49 437
7 42 4177
7 67 1
7 56 277
7 95 1298
8 60 2559
8 42 600
8 87 3259
8 30 695
8 70 3473
8 21 1290
8 54 3234
8 24 908
9 38 53
9 95 284
9 15 1
9 46 1061
9 50 1730
9 17 2238
9 73 3672
10 45 6
10 81 2936
10 13 4
10 31 68
10 40 103
10 47 137
10 90 182
10 42 1945
11 81 3
11 73 1562
11 60 4290
11 78 1751
11 63 2936
12 18 3128
12 33 2
12 24 210
12 23 537
12 97 390
12 91 85
13 53 412
13 25 65
13 19 4832
13 68 979
13 35 183
13 24 256
13 63 1168
14 57 3195
14 18 160
14 26 4637
14 74 4129
15 73 68
15 76 3911
15 43 549
15 63 21
15 66 3185
15 93 2092
15 34 3450
15 67 3174
15 49 1342
15 94 900
15 72 76
16 37 266
16 80 245
16 49 2553
16 33 21
16 28 29
16 53 86
16 72 2281
16 20 1098
17 83 706
17 20 7
18 62 896
18 26 217
18 75 202
18 45 203
18 96 939
18 67 21
18 76 3312
19 71 1648
19 83 68
19 99 1979
19 89 79
19 54 1761
19 22 665
19 90 4932
19 42 75
19 44 2976
19 84 4615
20 43 742
20 89 391
20 48 3616
20 97 370
20 45 3316
20 87 1594
21 47 332
21 72 1698
21 80 899
21 55 6
21 49 209
21 95 4600
21 91 643
21 24 3609
22 85 232
22 44 474
22 29 1139
22 31 181
22 35 4338
23 37 17
23 24 1851
23 94 162
23 58 59
23 75 4895
23 96 88
23 56 483
23 97 3441
24 58 5
24 25 265
24 90 3537
25 69 1133
25 76 2
25 56 4153
25 91 97
25 97 3260
26 61 1922
26 98 228
26 48 1011
26 68 456
27 86 1025
27 29 335
27 61 584
27 60 1
27 56 1150
27 36 3404
27 89 8
28 95 1
28 33 1002
28 77 424
29 77 3171
29 69 2212
29 81 17
29 86 1839
29 47 1241
29 97 185
30 36 1940
30 91 436
30 58 4157
30 73 2249
30 95 3684
31 62 353
31 43 3213
31 42 4802
32 77 2410
32 45 285
32 41 1
32 49 560
32 34 3582
33 71 67
33 38 2304
33 39 759
33 34 7
33 68 4320
34 43 4034
34 39 2335
35 66 2673
35 69 290
35 38 1632
35 80 4764
35 37 161
35 45 94
36 66 136
36 71 1135
36 74 327
36 67 4510
37 74 489
37 68 3658
37 79 2451
37 47 1638
37 70 1285
37 49 4203
37 85 1236
37 80 2404
38 70 7
38 44 1
38 80 810
38 39 690
39 65 491
40 49 953
40 41 11
40 64 598
40 70 2804
40 50 1027
41 86 2895
41 63 3307
41 93 69
41 83 1
41 78 743
42 69 319
42 89 24
42 57 3201
42 60 4436
42 83 1929
43 60 2972
43 83 232
43 58 4114
43 49 2054
44 83 306
44 85 1
44 51 4064
44 46 37
45 83 216
45 61 1135
45 86 1028
45 52 108
45 58 2461
45 87 1332
45 80 4072
45 59 4660
46 49 3803
47 91 303
47 56 2165
48 57 1792
48 74 249
48 67 634
49 77 1008
49 96 3561
49 55 3189
50 89 64
50 80 37
50 71 699
50 85 1
50 92 984
51 69 2037
51 75 512
52 95 83
52 85 1165
53 74 121
53 95 2847
53 72 2302
53 61 3022
53 67 652
53 98 30
54 62 24
54 71 2150
54 65 3170
54 84 425
54 76 850
55 81 144
55 87 435
55 74 32
55 57 48
55 76 1393
56 58 3
57 62 2449
57 96 1550
57 89 1184
58 94 273
58 62 459
59 89 1159
59 77 770
59 90 2186
60 93 2945
60 66 1109
61 96 1
61 94 813
61 90 383
62 99 1
63 89 45
63 81 1504
63 86 2195
63 99 923
64 70 171
65 72 3861
65 96 384
65 93 1214
65 90 823
66 97 1080
66 85 922
66 93 357
67 97 4230
68 81 1091
69 87 248
69 84 273
69 73 198
69 80 4957
69 85 3860
70 75 4
70 83 4018
70 73 2150
71 77 2155
71 85 199
71 83 386
71 88 3173
72 86 3344
74 90 5
74 87 2374
75 80 18
75 90 75
77 89 1407
77 91 244
78 84 2
78 95 1538
78 81 1871
79 81 48
79 80 3748
80 99 634
80 89 687
81 87 135
81 89 405
81 97 2254
82 89 3854
82 83 380
82 91 3678
84 85 2111
85 92 1435
86 96 11
86 91 3
86 92 4365
87 94 3577
87 95 4755
87 97 1697
93 94 3085
96 99 2918
